[z]
eventtrigger
0
0
0
0
128
128
0
[b]
enemy
1001
64
64
50
0.6
0.9
0.002
0.25
0
1
15
0
0
0
0
0
0
0
0
0
0
0
0
64
1
3
800
600
200
40
1
0
10
[c]
enemy
1002
64
64
80
0.6
0.9
0.002
0.25
0
1
15
0
0
0
0
0
0
0
0
0
0
0
0
64
1
1
800
600
200
40
1
1
10
[d]
enemy
1006
64
64
110
0.6
0.9
0.002
0.25
0
3
800
4
300
1
1000
0
0
0
0
0
0
0
0
64
0
1
800
600
200
40
1
1
25
[j]
enemy
1004
96
96
200
0.6
0.9
0.002
0.25
6
1
15
0
0
0
0
0
0
0
0
0
0
0
0
96
1
1
800
600
200
40
1
0
30
[t]
enemy
1005
96
96
200
0.6
0.9
0.001
0.15
6
1
15
0
0
0
0
0
0
0
0
0
0
0
0
64
1
1
800
600
200
40
1
1
40
[e]
trap
8
64
64
5
600
0
0
32
32
0.985
50
[f]
crate
9
64
64
6
1
10000
0
0
64
64
[g]
crate
10
48
64
6
8
700
0
0
48
64
[h]
crate
10
48
64
6
8
700
0
0
48
64
[i]
chest
5001
1
2
1
1000
1
1000
eof
[2]
background